!!cz.cuni.lf1.lge.ThunderSTORM.calibration.PolynomialCalibration {a1: 7.064296978677324E-6,
  a2: 7.79678404964592E-6, angle: 0.03795857310531146, b1: 1.4558295107728596, b2: 1.364748118986645,
  c1: -188.39195294408006, c2: 178.60205940807748, d1: 2.8352314700087545E-9, d2: 0.0}
